UGV1 12.0 0.0 312.179779173
UGV1 12.0 1.0 309.100591204
UGV1 12.0 2.0 295.059110364
UGV1 12.0 3.0 273.441484171
UGV1 12.0 4.0 260.709377654
UGV1 12.0 5.0 232.937212517
UGV1 12.0 6.0 224.830602695
UGV1 12.0 7.0 204.551128283
UGV1 12.0 8.0 201.753959398
UGV2 14.0 0.0 243.280790048
UGV2 14.0 1.0 226.544779922
UGV2 14.0 2.0 222.168687861
UGV2 14.0 3.0 202.538624744
UGV2 14.0 4.0 194.809958866
UGV2 14.0 5.0 187.492810632
UGV2 14.0 6.0 186.074081969
UGV2 14.0 7.0 169.688197579
UGV2 14.0 8.0 160.066934235
UGV3 16.0 0.0 168.979312872
UGV3 16.0 1.0 147.7549786
UGV3 16.0 2.0 152.448581944
UGV3 16.0 3.0 136.31689843
UGV3 16.0 4.0 116.636954386
UGV3 16.0 5.0 128.858740653
UGV3 16.0 6.0 113.45320832
UGV3 16.0 7.0 109.735160791
UGV3 16.0 8.0 111.372598131
UGV4 18.0 0.0 101.768601262
UGV4 18.0 1.0 103.439612304
UGV4 18.0 2.0 92.469261745
UGV4 18.0 3.0 94.7139993672
UGV4 18.0 4.0 79.076137026
UGV4 18.0 5.0 80.1777381052
UGV4 18.0 6.0 63.3664269655
UGV4 18.0 7.0 80.1586490582
UGV4 18.0 8.0 62.4639658934
UGV5 20.0 0.0 63.6157356737
UGV5 20.0 1.0 60.2156790514
UGV5 20.0 2.0 64.6673599014
UGV5 20.0 3.0 59.6316885107
UGV5 20.0 4.0 50.860607191
UGV5 20.0 5.0 47.5260672473
UGV5 20.0 6.0 54.7809602478
UGV5 20.0 7.0 39.0598351291
UGV5 20.0 8.0 42.1741315969
UGV6 22.0 0.0 46.5656675604
UGV6 22.0 1.0 39.2662654254
UGV6 22.0 2.0 42.021131447
UGV6 22.0 3.0 39.7787919463
UGV6 22.0 4.0 33.6174423368
UGV6 22.0 5.0 34.7233600346
UGV6 22.0 6.0 32.3275407597
UGV6 22.0 7.0 34.9157853015
UGV6 22.0 8.0 24.0055796293
