4.11 0.63 2.60E-5
29.461 1.53 4.50E-4
29.782 2.82 8.38E-4
33.562 0.263 8.84E-5
33.624 0.509 1.71E-4
34.419 0.154 5.30E-5
80.185 2.62 0.00210
85.9 9E-5 8E-8
163.930 0.0211 3.46E-5
177.214 0.269 4.77E-4
232.18 0.0032 7.4E-6
272.498 0.0576 1.57E-4
284.305 6.12 0.01740
295.8 0.0018 5.3E-6
302.4 0.0047 1.43E-5
318.088 0.0774 2.46E-4
324.651 0.0212 6.9E-5
325.789 0.273 8.9E-4
358.4 0.016 5.8E-5
364.489 81.5 0.297
404.814 0.0546 2.21E-4
503.004 0.359 0.001808
636.989 7.16 0.0456
642.719 0.217 0.00139
722.911 1.77 0.01279
