4.65      13.4    6.2E-4
13.846    1.22    1.69E-4
29.966    14.1    0.00422
33.034    0.548   1.81E-4
33.442    1.00    3.34E-4
37.72     0.096   3.63E-5
37.801    0.185   7.01E-5
38.726    0.0599  2.32E-5
43.8      1.0E-3  4E-7 
63.17     2.9E-5  1.8E-8
99.49     2.0E-5  1.9E-8
113.51    0.0161  1.83E-5
118.837   0.061   7.2E-5
132.687   0.202   2.69E-4
162.660   6.22    0.01012
304.849   4.29    0.01309
418.44    0.00366 1.53E-5
423.722   3.10    0.01312
437.575   1.929   0.00844 
467.5     2.4E-4  1.1E-6
537.261   24.39   0.1310 
551.08    0.00312 1.72E-5 
