 4.84 0.39 1.9E-5
 24.595 0.0014 4E-7
 34.279 0.589 2.02E-4
 34.72 1.07 3.71E-4
 39.17 0.1039 4.07E-5
 39.258 0.201 7.88E-5
 40.228 0.0646 2.60E-5
 64.135 0.0143 9.2E-6
 68.916 0.0754 5.19E-5
 109.422 0.219 2.40E-4
 131.117 0.467 6.13E-4
 173.543 0.127 2.20E-4
 241.933 0.414 0.001002
 266.543 0.466 0.001241
 306.9 0.025 7.6E-5
 328.762 20.3 0.0668
 397.52 0.073 2.92E-4
 432.493 2.90 0.01254
 438.5 0.039 1.7E-4
 445.5 0.0029 1.3E-5
 487.021 45.5 0.222
 618.12 0.037 2.30E-4
 751.637 4.33 0.0326
 815.772 23.28 0.1899
 867.846 5.50 0.0478
 919.550 2.66 0.0245
 925.189 6.90 0.0638
 950.987 0.519 0.00494
 992.9 0.013 1.3E-4
 1045.05 0.025 2.6E-4
 1097.20 0.023 2.5E-4
 1303.5 0.042 5.5E-4
 1405.20 0.059 8.3E-4
 1596.21 95.40 1.5228
 1877.29 0.041 7.7E-4
 1924.62 0.0134 2.6E-4
 2083.2 0.0115 2.40E-4
 2347.88 0.85 0.0199
 2464.1 0.0114 2.8E-4
 2521.40 3.46 0.0873
 2547.34 0.101 0.00258
 2899.61 0.0668 0.00194
 3118.51 0.0248 7.7E-4
 3320.4 0.0038 1.27E-4
