19.7875 11.225 1
20.2125 10.475 2
20.2125 11.225 1
20.0 11.6 1
20.2125 11.975 2
20.6375 10.475 2
20.425 10.85 1
20.425 11.6 2
20.425 12.35 1
20.6375 12.725 1
21.0625 10.475 1
20.85 10.85 1
20.85 12.35 1
21.0625 12.725 1
21.275 10.1 2
21.4875 10.475 1
21.275 10.85 1
21.4875 11.975 1
21.275 12.35 1
21.4875 12.725 2
21.275 13.85 1
21.4875 14.225 1
21.7 10.1 1
21.7 10.85 2
21.9125 11.225 2
21.7 11.6 1
21.9125 11.975 1
21.7 12.35 1
21.9125 13.475 1
21.7 13.85 1
21.9125 14.975 1
22.3375 11.225 1
22.125 11.6 1
22.3375 11.975 1
22.125 12.35 2
22.125 13.1 2
22.3375 13.475 1
22.125 13.85 2
22.3375 14.225 2
22.3375 14.975 1
22.55 10.1 1
22.7625 11.225 1
22.55 11.6 1
22.7625 11.975 1
22.7625 12.725 2
22.55 13.1 1
22.7625 13.475 1
22.55 13.85 2
22.55 14.6 2
22.7625 14.975 1
22.55 15.35 1
23.1875 11.225 1
22.975 11.6 1
23.1875 11.975 2
22.975 12.35 1
23.1875 12.725 1
22.975 13.1 1
23.1875 13.475 2
23.1875 14.225 2
22.975 14.6 1
23.1875 14.975 1
22.975 15.35 1
23.6125 10.475 2
23.4 10.85 1
23.4 12.35 2
23.6125 12.725 1
23.6125 13.475 2
23.6125 14.225 1
23.4 14.6 1
23.6125 14.975 1
24.0375 10.475 1
23.825 10.85 1
24.0375 12.725 1
23.825 13.85 2
24.0375 14.225 1
23.825 14.6 1
24.0375 14.975 2
24.0375 15.725 2
24.25 10.85 1
24.4625 11.225 1
24.4625 13.475 2
24.25 13.85 1
24.4625 14.225 1
24.25 14.6 1
24.4625 15.725 1
24.8875 11.225 1
24.675 11.6 1
24.8875 11.975 1
24.675 13.1 2
24.8875 13.475 1
24.675 13.85 1
24.8875 14.225 1
24.675 15.35 2
24.8875 15.725 2
25.3125 11.225 1
25.1 11.6 1
25.3125 11.975 1
25.1 13.1 2
25.3125 13.475 1
25.1 13.85 1
25.3125 14.975 2
25.1 15.35 2
25.3125 15.725 2
25.525 11.6 1
25.7375 11.975 1
25.525 12.35 1
25.7375 12.725 1
25.525 13.1 1
25.7375 13.475 1
25.525 13.85 1
25.7375 14.225 2
25.525 14.6 1
25.7375 14.975 2
25.525 15.35 2
25.95 12.35 1
26.1625 12.725 1
25.95 13.1 1
26.1625 13.475 1
25.95 14.6 1
26.375 13.1 1
26.5875 13.475 1
26.375 13.85 2
26.5875 14.225 2
26.375 14.6 1
26.5875 14.975 2
26.375 16.1 1
26.8 13.85 1
26.8 14.6 1
27.0125 14.975 1
26.8 16.1 1
17.875 17.6 1
18.0875 17.975 1
18.5125 17.225 1
18.3 17.6 1
18.5125 17.975 1
18.9375 17.225 1
18.725 17.6 1
18.9375 17.975 2
19.15 16.85 1
19.3625 17.225 1
19.15 17.6 1
19.3625 17.975 2
19.575 16.85 1
20.2125 16.475 1
20.0 16.85 1
20.2125 17.225 2
20.0 18.35 2
20.2125 19.475 1
20.6375 16.475 1
20.425 16.85 2
20.425 17.6 1
20.6375 17.975 2
20.425 18.35 1
20.425 19.1 2
20.6375 19.475 1
20.85 16.1 1
21.0625 16.475 2
20.85 17.6 1
21.0625 17.975 2
21.0625 18.725 2
20.85 19.1 1
21.0625 19.475 1
20.85 19.85 2
21.4875 15.725 1
21.275 16.1 1
21.4875 17.225 1
21.275 17.6 2
21.4875 18.725 1
21.275 19.1 1
21.4875 19.475 1
21.275 19.85 2
21.9125 15.725 1
21.7 16.1 2
21.7 16.85 1
21.9125 17.225 1
21.9125 18.725 1
21.7 19.1 1
21.9125 19.475 1
21.7 19.85 2
22.125 15.35 1
22.3375 15.725 1
22.125 16.1 2
22.125 16.85 2
22.3375 17.225 2
22.3375 17.975 1
22.125 18.35 2
22.3375 18.725 1
22.125 19.1 1
22.3375 19.475 2
22.7625 15.725 2
22.55 16.1 2
22.55 17.6 2
22.7625 17.975 1
22.55 18.35 1
22.7625 18.725 1
22.55 19.1 1
23.1875 16.475 2
23.1875 17.225 2
22.975 17.6 2
23.1875 17.975 1
22.975 18.35 1
23.1875 18.725 2
22.975 19.1 2
23.6125 16.475 2
23.4 16.85 2
23.6125 17.225 2
23.4 17.6 1
23.6125 17.975 1
23.4 18.35 1
23.6125 18.725 2
23.825 16.1 1
24.0375 16.475 1
24.0375 17.225 1
23.825 17.6 1
24.0375 17.975 2
24.0375 18.725 2
24.25 16.1 2
24.4625 16.475 2
24.4625 17.225 1
24.25 17.6 1
24.675 16.85 2
24.8875 17.225 1
24.675 17.6 1
24.8875 17.975 2
25.3125 16.475 2
25.1 16.85 1
25.3125 17.225 1
25.1 17.6 2
25.7375 16.475 1
25.525 16.85 1
25.7375 17.225 2
26.1625 16.475 1
25.95 16.85 1
26.5875 16.475 1
26.375 16.85 1
17.2375 14.225 1
17.025 14.6 1
17.2375 14.975 2
17.2375 15.725 2
17.6625 12.725 1
17.6625 13.475 2
17.45 13.85 1
17.6625 14.225 1
17.45 14.6 1
17.45 15.35 1
17.6625 15.725 1
17.875 12.35 1
18.0875 13.475 2
17.875 13.85 1
18.0875 14.225 1
17.875 14.6 1
17.875 15.35 2
18.0875 15.725 1
17.875 16.1 1
18.0875 16.475 1
18.0875 17.225 2
18.5125 11.975 1
18.3 12.35 1
18.5125 12.725 2
18.5125 13.475 1
18.3 13.85 1
18.5125 14.225 2
18.3 14.6 2
18.3 15.35 2
18.5125 15.725 2
18.3 16.1 2
18.5125 16.475 2
18.3 16.85 1
18.9375 11.225 2
18.725 11.6 2
18.9375 11.975 1
18.725 13.1 1
18.9375 13.475 1
18.725 13.85 1
18.9375 14.975 1
18.725 15.35 1
18.9375 16.475 2
18.725 16.85 1
19.15 11.6 1
19.3625 11.975 1
19.15 13.1 1
19.3625 13.475 1
19.15 13.85 1
19.3625 14.975 1
19.3625 16.475 1
19.575 11.6 1
19.7875 11.975 2
19.7875 12.725 1
19.575 13.1 1
19.7875 13.475 1
19.575 13.85 2
19.575 14.6 1
19.7875 14.975 1
19.575 16.1 1
19.7875 16.475 1
20.0 12.35 2
20.2125 12.725 1
20.0 13.1 1
20.2125 14.225 2
20.0 14.6 1
20.2125 14.975 2
20.0 16.1 1
20.425 13.1 1
20.6375 14.225 2
20.425 14.6 1
20.6375 15.725 1
20.425 16.1 1
20.85 14.6 2
21.0625 14.975 2
20.85 15.35 2
21.0625 15.725 1
21.275 14.6 2
21.275 15.35 2
21.7 15.35 1
